7
100
2122899018 93513686 1656338841 325533937 1021441216 49438365 359450624 935865671 339281631 1950670250 1398668088 176701566 180889004 1197174255 1695400439 1051452304 1831704988 1500775906 1754307016 1000540035 1087777233 1469025894 1655860191 122523722 587047713 56821107 2099992199 1303424786 894586797 55022533 1224442465 870002167 148536219 733297658 1195536105 1169977435 782736023 1554986729 2105843106 1122017654 1358173331 1357027546 1298719221 1539062335 406718153 846636012 443030991 90939494 199928270 49854360 1091479529 1287705503 1518880254 599856073 1410229225 2105927967 656677180 1362737776 1261869105 1551263977 1417760309 338827923 273782496 1566296529 1072125581 1469318601 588790316 1854861605 876821683 547149775 829395611 87511366 1904177321 2128114832 1626573702 163411827 827267196 2069604693 254351321 1027195466 2119459053 1345830850 167417321 1490855659 1945686923 1577646547 1449299979 454880455 792900675 563685436 2006144432 63177337 902513359 132443281 1629473866 1974638941 1601761882 70780534 1682016898 331099917 
100
617930309 363928861 418611284 374623983 344560046 2045184986 538035810 1171827242 1967306031 792387131 51539061 1939281437 2138217981 218956382 1282653448 1936421257 1796602929 584469779 243818064 442019957 1148155216 102478849 505197294 2050668575 234922130 2134671160 1877823868 1836684012 57968046 1412357118 20300282 675898356 1776285980 438911566 1050522339 2120846026 336612904 1588558149 1145189620 156435287 233461632 1196728681 2095716724 224195965 1415685064 1230886525 13133574 1064804345 1815356304 256951639 1506824302 816027872 359430488 2012021596 719212800 594352618 1999209108 449553020 283552982 2057177155 1861910139 303853264 585591863 1490712471 742764830 1636114202 1464074849 1079377734 1077188703 461780821 1235813022 1310650335 1658509503 1184046098 1534846300 926710919 267448975 1547979875 1991515264 2082805280 1804931514 1350855919 751349504 16878354 1215393867 1470562304 611230972 1067119328 1920115325 894783954 976812835 1634541816 1198637219 1562404698 977770639 1941402049 1051035252 294361840 873296136 2128223955 
100
756142661 2109109158 1291390642 267168516 1145671608 678753294 1193879435 1413120584 79249521 1037911052 1348442216 1884181035 241283323 2099791720 1901059389 1456677190 1422870377 364806713 376312870 1195502054 1259590668 1353125705 682560222 310744239 768046755 1660330861 104662640 1819082007 1954692701 977958776 1799822314 563351714 939584286 943729308 830520231 2085255895 1622482603 2024399666 1350892831 1701732124 914827070 551851399 1438429512 1156110393 504159471 1192005253 465303936 1927029848 1556811967 841616806 975048254 668918987 47258864 1657608476 979663226 815305619 1170455689 1084325866 486903979 977664742 2062284643 139242645 1541016457 854385281 1082971954 224053040 792157528 557970909 100969058 2143050359 112219385 1015796129 547418110 1550648897 24422874 1051577582 595170503 489726810 831123782 4498822 1331343617 1806172037 673417809 1378602481 1316296865 1653081035 46424452 339268907 589923253 533328431 1316933649 504724248 672571077 710466458 1359109530 1755543031 934519498 3783410 166030292 1035488557 
100
2146833770 278249677 2051284686 546768232 1828898575 2075707560 1598345814 276585430 417950723 281985949 281084252 1749294340 2088157986 954502061 980413173 1256971203 460099448 1026837625 1596240110 1050022701 1560166057 765690112 1554746950 85253486 1476156570 766372832 1840796517 263192421 770156242 2006826809 1298680978 769506364 137592838 1202482016 1316274597 1966491413 1130705928 767136763 95593195 1548656651 1049122712 376677447 1150467343 989797050 1331179508 2130880516 99284606 1791278956 1010234494 1695524716 693818010 422916903 313731180 101081312 508170389 1789887751 867454144 201483258 2053080172 1637610386 60826419 1204277502 259633103 198419257 259275870 1575907700 17427023 1389981798 195560815 113020218 791154802 1244683528 489697666 1941622145 86996930 1820877174 1925019014 186281536 1464672483 787769860 1881806253 11006845 1210686763 48053785 112088157 1718857152 1837941536 979542301 1920340410 1743538060 469669039 1981166829 800331914 729302142 32102438 1059607784 157726194 49529461 302105935 353287010 
100
162549680 1093260737 1597970538 652247346 887399234 1684967468 325640872 664934600 1871249005 1790313355 1452704460 1605571610 1801320200 515907575 1653625395 1913408357 87281079 1344083284 745467010 2007621489 940137696 1215136050 1841304670 1740469611 1944438192 1873407109 652593747 2102164387 1922936570 954699682 307967749 2085486250 2047960419 1905938287 590249948 787876006 1443422107 915890821 1452810606 1167187464 558720528 758031419 625275426 212557081 1273938994 131417174 2125965438 1361220074 1475500458 723948801 1221357915 268154506 1939084851 915178938 2008624117 1736039395 641102399 513734217 1690720134 416555321 1468433899 1998687883 354557924 1368910671 1757142522 944807872 9303029 1053080982 1860698693 1462113635 72784798 271935574 72661406 698060225 484492655 1346600401 829477399 462974445 560336827 157494209 1186923246 1781694742 425648715 978524449 549390032 286789185 567080197 1190492431 800523402 110316683 1607047753 121473653 2109004567 1961605677 1490384324 1718663441 758929901 1499687353 624260775 472144947 
100
814317341 697045574 744080521 886978747 1395105799 1228573176 86095500 77099550 1691547621 646432327 234593759 730987220 280643422 660242474 1709511669 830033454 947031659 129108218 2020525886 1747555061 239424902 1480089991 1869028715 200945821 1294212020 1211929391 1919609262 2053141921 564133097 396386390 377803220 1378450438 1093431964 1121883741 117945537 341054115 202973269 204041038 418153665 1894520891 850473365 652747424 478024463 1131116787 1312989898 40052484 1961150242 112537910 169160703 1834192480 1860092971 408585605 1166798823 1581638038 609531426 313527195 646083782 381657040 219185468 1210216879 778043430 596988689 441183669 1871475394 1718872430 559129206 65045861 1921845700 763170244 483199526 1668882943 1613643610 1135946950 2146907406 597276749 301453201 39476242 410943343 413991111 208636945 97652175 126600434 617222550 1264450998 1708238473 1226753976 1577978193 206838607 1608411017 1797163662 1417055486 238970799 246668703 1858239155 2110446194 1965541133 269884713 28008407 1739903185 1033054958 
100
511207934 1261302480 499214920 1647154884 1260726238 1096491669 1948608085 1300202481 1507435013 215115548 1508839426 1605087188 341715983 2126061977 722054539 2049954456 1205332305 152549084 109309415 666259674 1949712746 1526364901 905230474 48897801 1237120408 868193020 2014438935 1507005121 896201427 1606858472 392576431 1407409361 720677305 891791351 907080598 1981403543 1988283021 708205035 1134122376 1348234386 923320584 495478155 805837926 1265036567 474056484 1527892465 1167507375 1679388789 1680441550 1276816790 198164816 1482670648 655698043 1103395290 1531568450 1892818451 1971588310 1398523737 1252339924 720306089 857898561 1644916356 2127715451 1578575866 389224059 887312401 1412495762 230023432 1595517436 399134490 1578257818 371354372 894612645 236612097 1636390939 1368669129 1764504562 656414666 900574271 1297462464 1933231456 1098739087 632649465 441445851 54650729 16734267 186780654 2026239039 1415258004 1439120579 599061480 125672917 936553287 579293283 1704248784 1325777346 1466605684 969260898 1555800779 914639473 
