20
25
1270591139 737141950 315056210 1217524993 909941842 774749961 1824225789 157409089 256004519 1120649672 2007585874 1268480193 1098351184 1397073279 36818181 1551828119 2080236519 1883423410 621718302 2075298988 1574494352 1279719893 83156906 1164441064 1865602430 
25
1850283678 2055993507 1377934474 1625302862 487211619 1366400848 748410353 1224353569 1681457058 1965935347 2134295411 308723372 1642677488 144220852 564727891 615843512 4323079 1833208085 1714194696 1401396358 1870026266 1118539167 1334149230 1605966028 1740257470 
25
1261964570 1032976732 872493715 1345121476 49934148 590612497 1047921507 2105927656 1968546971 525740721 445655627 1187464171 1274151075 1670009196 721437581 1092602774 1656820960 1030160953 587796614 1801041812 1594888845 1203640127 1805364891 1280613282 770351175 
25
1059277602 1003155900 1888890343 245943184 461638280 1481664165 1507907754 1494615012 206674232 705545582 1544549160 797286729 1753467089 1502993168 618350052 131724163 1948648795 1805814223 1405875238 1471174344 379768156 350994364 980511656 1409929110 938790978 
25
634069820 857334307 2142431105 291951064 2137947589 765298633 1351228666 993619841 506705328 1597171850 1455258121 1988369493 957595956 802389485 47560077 1663141538 199454997 844846806 1269124980 1702448166 1463196858 1400849143 1503613313 1121527433 659240733 
25
827304009 1501295589 1010235097 1807815665 763741051 1949026075 294401838 1621075358 1943973533 586352902 1611539299 561788518 1937581568 457675492 1068493846 1387269770 1912933613 909379691 197382078 567839450 956939768 1860523616 767294448 1801786574 982164948 
25
322258966 1117499784 235530443 1825872279 91543569 894771176 505692641 1592839158 1905006273 166024658 209096562 1706548701 460426496 1830171920 1503038586 1046779398 1294227572 2064827104 836877318 1751903064 985837302 76663440 1517353030 1895216993 274045518 
25
2085192480 704673113 2134569135 705003280 358976039 969250435 1027262246 1476475823 1204780879 705650878 1568019392 2099552055 1211343519 1013374902 1857074681 1377368177 1222471464 1416139734 1837794674 905159737 771694672 737090424 51903661 689038128 1573967743 
25
1803806725 1674875430 1650631183 1173676107 1422608775 1924676702 1111384940 2127281888 1911762189 1816388220 338774279 733528976 696166819 1815250102 1938309855 1401817697 1235785846 1890378263 465677568 101677100 1599969296 1843045745 1324148565 868625382 1533356771 
25
81824654 1640320054 122963548 133728315 181874534 1696931291 1937535040 1856749964 1200078826 963727500 1131875091 977271880 2075112440 1111673331 741550421 1744017012 1450447610 1475079398 292700183 1118214064 1265905605 1694517880 206516262 1008800220 12711800 
25
308193362 461285868 1855757546 1632341927 1329911250 1241630669 1714166581 822747656 1364594217 1847894896 1004622190 914041860 1637946289 713888506 2114120687 454190141 1845763597 943908919 381818933 809953280 1685459341 2125835945 112917242 1013055091 271052481 
25
1231131306 131477048 1965570361 1437647568 1140277269 1978282162 1745840931 1601563137 1686556060 1230699210 783990740 780703081 797382144 1606738396 2145297299 497793392 463876939 911855511 2135739681 1177765445 878492550 442446174 876045395 1822401470 824265107 
25
1685998675 1360377163 802617405 1798915918 225948606 1073669886 882563576 357425654 891756599 172727497 1497702923 722555113 1918568428 951782413 261627525 1001783990 1735773153 1042330607 1799166134 1195027901 1040144258 149475879 1658904840 1951999769 137731912 
25
689186638 683008672 580178087 1565232033 357926494 1404443194 1103747060 1718303657 59576951 755179330 1944252263 1133246837 1637742907 154194269 2025003437 1810470404 1651897193 600074902 1581555184 456195958 861702428 435855526 44485463 1904033035 87538013 
25
1239513364 796693645 237013892 750934557 601209766 374745804 1440121195 1284218438 954923891 857869580 1642144932 211883438 1961616640 1212964941 271460389 569312323 1009733556 1404707227 59571582 1163927826 1282227016 1870041986 668341371 1882301918 1304113522 
25
1124537329 596520698 1739969048 1169022792 353070085 1827507061 261052508 1149763730 2064520953 1011987065 1750973497 291783110 304624612 887708287 1246707001 1162494192 382369572 1458590439 976627185 1595334513 1730050829 1545939508 457584422 987274408 1605511090 
25
1621512248 122017776 1328069428 142369971 2004319694 484699302 1266907300 453356745 77184702 288446444 806426830 1904691764 549498952 1956190561 1821729069 1561486018 1559680410 2113512179 1866110630 299905049 1212735533 881121175 682274621 523842324 1857748360 
25
130125487 106409505 1256204220 587709909 1093683913 714231662 61738509 1215701689 2042301090 204108480 1072537736 379516744 1471015780 1525894481 456701446 1759462224 184837663 213909562 161477528 2141028224 2035638632 1722963546 1553224986 2001667163 1441590529 
25
1853130036 1066919048 175228056 387921009 1590761373 2032976416 518046496 1697170878 1141696988 1105756405 643371144 1855928650 1167494914 1859072833 1750746092 1371603394 784126921 2130262836 695135526 162537754 439480634 307114102 347375418 653390197 468591631 
25
340919994 541545181 44071529 1894144981 395728696 1485662058 1599791369 1462647745 1660890114 1987712378 905925470 1546382882 358275227 455612700 540596222 1464031632 1098983844 249041224 484042899 810573030 1999787316 1855646293 1594699951 1982566504 403298172 
